{
 "cells": [
  {
   "cell_type": "code",
   "execution_count": 1,
   "source": [
    " ####### Setup\r\n",
    "import os\r\n",
    "import matplotlib.pyplot as plt\r\n",
    "from matplotlib.tri import Triangulation\r\n",
    "from matplotlib.patches import Patch\r\n",
    "from matplotlib.patches import Rectangle\r\n",
    "from matplotlib.lines import Line2D\r\n",
    "from matplotlib.offsetbox import OffsetImage,AnnotationBbox,TextArea\r\n",
    "import cartopy.crs as ccrs\r\n",
    "import cartopy.feature as cfeature\r\n",
    "import cv2\r\n",
    "from scipy import stats\r\n",
    "from sklearn.linear_model import LinearRegression\r\n",
    "from sklearn.metrics import r2_score\r\n",
    "from sklearn import preprocessing\r\n",
    "while os.getcwd().split('\\\\')[-1] != 'ecological-networks':\r\n",
    "    %cd ..\r\n",
    "import setup_paths\r\n",
    "setup_paths.add_path()\r\n",
    "from Species_Reintroductions import *\r\n",
    "global DATA_TYPE\r\n",
    "DATA_TYPE = 'Real_2D'\r\n",
    "CASE_TO_SOLVE_init(DATA_TYPE)\r\n",
    "get_CASE()\r\n",
    "\r\n",
    "def CASE_init(CASE_TO_SOLVE):\r\n",
    "    DATA_TYPE = CASE_TO_SOLVE\r\n",
    "    CASE_TO_SOLVE_init(DATA_TYPE)\r\n",
    "    NetworkName_Solved_df = UnpickleObj(os.path.join(os.getcwd(), 'Code', '01_Species_Reintroductions', '01_Simulation_Execution', f\"Network_Solved_{DATA_TYPE.split('_')[0]}.pkl\"))\r\n",
    "    M = UnpickleObj(os.path.join(os.getcwd(), 'Code', '01_Species_Reintroductions', '01_Simulation_Execution', f\"M_{DATA_TYPE.split('_')[0]}.pkl\"))\r\n",
    "    if DATA_TYPE.split('_')[0] == 'Syn':\r\n",
    "        M = {k:M[k] for k in M.keys() if int(k.split('_')[2]) == 100}\r\n",
    "    return DATA_TYPE, NetworkName_Solved_df, M\r\n",
    "\r\n",
    "def init_HeatmapData(Case, Start = 0, End = -1):\r\n",
    "    if End == -1:\r\n",
    "        End = Start + 1\r\n",
    "    if Case == 1:\r\n",
    "        Heatmap01_All = UnpickleObj(os.path.join(os.getcwd(), 'Code', '01_Species_Reintroductions', '02_Generate_Database', f\"Heatmap01_{DATA_TYPE}.pkl\"))\r\n",
    "        return {k:Heatmap01_All[k][Start:End] for k in Heatmap01_All.keys()}\r\n",
    "    if Case == 2:\r\n",
    "        Heatmap02_All = UnpickleObj(os.path.join(os.getcwd(), 'Code', '01_Species_Reintroductions', '02_Generate_Database', f\"Heatmap02_{DATA_TYPE}.pkl\"))\r\n",
    "        return {k:Heatmap02_All[k][Start:End] for k in Heatmap02_All.keys()}\r\n",
    "    if Case == 3:\r\n",
    "        Heatmap03_All = UnpickleObj(os.path.join(os.getcwd(), 'Code', '01_Species_Reintroductions', '02_Generate_Database', f\"Heatmap03_{DATA_TYPE}.pkl\"))\r\n",
    "        return {k:Heatmap03_All[k][Start:End] for k in Heatmap03_All.keys()}"
   ],
   "outputs": [
    {
     "output_type": "stream",
     "name": "stdout",
     "text": [
      "d:\\Github\\ecological-networks\\Code\\01_Species_Reintroductions\n",
      "d:\\Github\\ecological-networks\\Code\n",
      "d:\\Github\\ecological-networks\n",
      "Real_2D\n"
     ]
    }
   ],
   "metadata": {}
  },
  {
   "cell_type": "code",
   "execution_count": 4,
   "source": [
    "####### Scatter Plot\r\n",
    "\r\n",
    "def get_ScatterPlot(SHOW_PLOT = True, set_dpi = 100):\r\n",
    "    FileName = os.path.join(os.getcwd(), 'Code', '01_Species_Reintroductions', '03_Scatter_Data', f\"Scatter_01_Consolidated.pkl\")\r\n",
    "    D01 = UnpickleObj(FileName)[4]\r\n",
    "    D01.drop(D01[ D01['N'] == 0 ].index ,inplace = True)\r\n",
    "    D01.dropna(axis = 0, inplace = True)\r\n",
    "    D01 = D01[D01['Abundance'] > 1.0]\r\n",
    "    D01.reset_index(drop = True, inplace = True)\r\n",
    "\r\n",
    "    FileName = os.path.join(os.getcwd(), 'Code', '01_Species_Reintroductions', '03_Scatter_Data', f\"Scatter_02_Consolidated.pkl\")\r\n",
    "    D02 = UnpickleObj(FileName)[4]\r\n",
    "    D02.drop(D02[ D02['N'] == 0 ].index ,inplace = True)\r\n",
    "    D02.dropna(axis = 0, inplace = True)\r\n",
    "    D02 = D02[D02['Abundance'] > 1.0]\r\n",
    "    D02.reset_index(drop = True, inplace = True)\r\n",
    "\r\n",
    "    FileName = os.path.join(os.getcwd(), 'Code', '01_Species_Reintroductions', '03_Scatter_Data', f\"Scatter_03_Consolidated.pkl\")\r\n",
    "    D03 = UnpickleObj(FileName)[4]\r\n",
    "    D03.drop(D03[ D03['N'] == 0 ].index ,inplace = True)\r\n",
    "    D03.dropna(axis = 0, inplace = True)\r\n",
    "    D03 = D03[D03['Abundance'] > 0.3]\r\n",
    "    D03.reset_index(drop = True, inplace = True)\r\n",
    "\r\n",
    "    FileName = os.path.join(os.getcwd(), 'Code', '01_Species_Reintroductions', '03_Scatter_Data', f\"Scatter_04_Consolidated.pkl\")\r\n",
    "    D04 = UnpickleObj(FileName)[4]\r\n",
    "    D04.drop(D04[ D04['N'] == 0 ].index ,inplace = True)\r\n",
    "    D04.dropna(axis = 0, inplace = True)\r\n",
    "    D04 = D04[D04['Abundance'] > 0.3]\r\n",
    "    D04.reset_index(drop = True, inplace = True)\r\n",
    "    \r\n",
    "    D_1D = pd.concat([D01,D02], ignore_index = True)\r\n",
    "    D_2D = pd.concat([D04,D03], ignore_index = True)\r\n",
    "    del D01,D02,D03,D04\r\n",
    "    \r\n",
    "    D_lst = list([D_1D, D_2D])\r\n",
    "    V_lst = ['S','A','C','N']\r\n",
    "    \r\n",
    "    D1 = D_1D.copy()\r\n",
    "    D2 = D_2D.copy()\r\n",
    "    \r\n",
    "    for Col_Name in list(D_1D.columns):\r\n",
    "        \r\n",
    "        X_scaled = preprocessing.MinMaxScaler().fit_transform(np.array(D1[Col_Name]).reshape(-1,1))\r\n",
    "        D1[Col_Name] = X_scaled\r\n",
    "        \r\n",
    "        X_scaled = preprocessing.MinMaxScaler().fit_transform(np.array(D2[Col_Name]).reshape(-1,1))\r\n",
    "        D2[Col_Name] = X_scaled\r\n",
    "    # del Col_Name, X_scaled\r\n",
    "    \r\n",
    "    D_corr = [D1.corr(), D2.corr()]\r\n",
    "    \r\n",
    "    P_val = {}\r\n",
    "    P_val['1D'] = {}\r\n",
    "    P_val['2D'] = {}\r\n",
    "    for i in list(D_1D.columns)[3:7]:\r\n",
    "        for j in list(D_1D.columns)[-3:]:\r\n",
    "            stat, p = stats.ttest_rel(D1[i],D1[j])\r\n",
    "            P_val['1D'][i,j] = p\r\n",
    "            # print(f\"1D : [{i}, {j}] ;- {p}\")\r\n",
    "            stat, p = stats.ttest_ind(D2[i],D2[j], equal_var=False)\r\n",
    "            P_val['2D'][i,j] = p\r\n",
    "            # print(f\"2D : [{i}, {j}] ;- {p}\")\r\n",
    "    \r\n",
    "    Book = {}\r\n",
    "    if SHOW_PLOT:\r\n",
    "        for Vy in ['Ob Abundance', 'Settling Time', 'Persistence']:\r\n",
    "            f, ax = plt.subplots(2,4, figsize = (30,15), dpi = set_dpi)\r\n",
    "            f.tight_layout(pad = 0)\r\n",
    "            for D_ind in range(len(D_lst)):\r\n",
    "                \r\n",
    "                D = D_lst[D_ind]\r\n",
    "                \r\n",
    "                D_copy = D.copy()\r\n",
    "                for Col_Name in list(D.columns):\r\n",
    "                    X_scaled = preprocessing.MinMaxScaler().fit_transform(np.array(D_copy[Col_Name]).reshape(-1,1))\r\n",
    "                    D_copy[Col_Name] = X_scaled\r\n",
    "                del X_scaled\r\n",
    "                \r\n",
    "                regr_all = LinearRegression().fit(D_copy[['S', 'A', 'C', 'N']],D_copy[Vy])\r\n",
    "                r2_all = r2_score(D_copy[Vy], regr_all.predict(D_copy[['S', 'A', 'C', 'N']]))\r\n",
    "                \r\n",
    "                for V_ind in [0,1,2,3]:\r\n",
    "                    V = V_lst[V_ind]\r\n",
    "                    X_seq = np.array(D[V]).reshape(-1,1)\r\n",
    "                    Y_seq = np.array(D[Vy]).reshape(-1,1)\r\n",
    "                    \r\n",
    "                    if (Vy == 'Ob Abundance') and (D_ind == 0):\r\n",
    "                        Y_seq = (Y_seq - 0) / (14-0)\r\n",
    "                    \r\n",
    "                    regr = LinearRegression().fit(X_seq,Y_seq)\r\n",
    "                    \r\n",
    "                    if Vy in ['Abundance','Ob Abundance']:\r\n",
    "                        ax[D_ind,V_ind].scatter(X_seq,Y_seq, alpha = 0.05, color = 'black', marker = 1)\r\n",
    "                    if Vy in ['Settling Time']:\r\n",
    "                        ax[D_ind,V_ind].scatter(X_seq,Y_seq, alpha = 0.10, color = 'black', marker = 2)\r\n",
    "                    if Vy in ['Persistence']:\r\n",
    "                        ax[D_ind,V_ind].scatter(X_seq,Y_seq, alpha = 0.10, color = 'black', marker = 2)\r\n",
    "                    \r\n",
    "                    ax[D_ind,V_ind].plot(X_seq,regr.predict(X_seq),color=\"red\", linewidth = 5)\r\n",
    "                    \r\n",
    "                    r2 = r2_score(Y_seq, regr.predict(X_seq))\r\n",
    "                    Book[(D_ind, Vy, V)] = r2\r\n",
    "                    \r\n",
    "                    ax[D_ind,V_ind].tick_params(labelsize = 40, rotation = 30)\r\n",
    "                    ax[D_ind,V_ind].tick_params(axis='y', which='major', pad=5)\r\n",
    "                    # plt.subplots_adjust(left=None, bottom=None, right=None, top=None, wspace=0.3, hspace=0.3)\r\n",
    "                    plt.subplots_adjust(left=None, bottom=None, right=None, top=None, wspace=0.15, hspace=0.15)\r\n",
    "                    \r\n",
    "                    if D_ind == 0:\r\n",
    "                        if Vy == 'Abundance':ax[D_ind,V_ind].set_ylim([0,1.0])\r\n",
    "                        if Vy == 'Ob Abundance':\r\n",
    "                            ax[D_ind,V_ind].set_ylim([0,1.0])\r\n",
    "                            ax[D_ind,V_ind].set_yticks(np.arange(0.0,1.05,0.25))\r\n",
    "                        if V == \"S\":\r\n",
    "                            if Vy in ['Abundance','Ob Abundance']:\r\n",
    "                                ax[D_ind,V_ind].set_ylabel('1-D Model \\n'+r\"<$X$> $\\longrightarrow$\", fontsize = 45)\r\n",
    "                                # ax[D_ind,V_ind].set_yticks(np.arange(14))\r\n",
    "                                # ax[D_ind,V_ind].set_yticklabels(['0','','','','4','','','','8','','','','12',''])\r\n",
    "                                f.text(-0.15, 0.5, r\"Abundance $\\longrightarrow$\", va='center', ha='center',rotation = 'vertical', fontsize=66, style='italic')\r\n",
    "                            if Vy in ['Settling Time']:\r\n",
    "                                ax[D_ind,V_ind].set_ylabel('1-D Model \\n'+r\"<$ST$> $\\longrightarrow$\", fontsize = 45)\r\n",
    "                                f.text(-0.15, 0.5, r\"Settling TIme $\\longrightarrow$\", va='center', ha='center',rotation = 'vertical', fontsize=66, style='italic')\r\n",
    "                            if Vy in ['Persistence']:\r\n",
    "                                ax[D_ind,V_ind].set_ylim([0,1.00])\r\n",
    "                                ax[D_ind,V_ind].set_ylabel('1-D Model \\n'+r\"<$P$> $\\longrightarrow$\", fontsize = 45)\r\n",
    "                                f.text(-0.15, 0.5, r\"Persistence $\\longrightarrow$\", va='center', ha='center',rotation = 'vertical', fontsize=66, style='italic')\r\n",
    "                            ax[D_ind,V_ind].set_ylabel(r\"($R^2$ = \" + str(round(r2_all,3)) + ')', fontsize = 40)\r\n",
    "                            ax[D_ind,V_ind].yaxis.label.set_color('blue')\r\n",
    "                        elif V == \"A\":\r\n",
    "                            ax[D_ind,V_ind].set_xlim([0,20])\r\n",
    "                            ax[D_ind,V_ind].set_yticks([])\r\n",
    "                        elif V == \"C\":\r\n",
    "                            ax[D_ind,V_ind].set_xlim([0,0.5])\r\n",
    "                            ax[D_ind,V_ind].set_yticks([])\r\n",
    "                        elif V == \"N\":\r\n",
    "                            ax[D_ind,V_ind].set_yticks([])\r\n",
    "                        \r\n",
    "                        ax[D_ind,V_ind].set_xticklabels([])\r\n",
    "                        f.text(-0.075, 0.75, r\"1-D Model\", va='center', ha='center',rotation = 'vertical', fontsize=66, style='italic')\r\n",
    "                        \r\n",
    "                    if D_ind == 1:\r\n",
    "                        if Vy == 'Abundance':ax[D_ind,V_ind].set_ylim([0,1.0])\r\n",
    "                        if Vy == 'Ob Abundance':\r\n",
    "                            ax[D_ind,V_ind].set_ylim([0,1.05])\r\n",
    "                            ax[D_ind,V_ind].set_yticks(np.arange(0.0,1.05,0.25))\r\n",
    "                        \r\n",
    "                        if V == \"S\":\r\n",
    "                            ax[D_ind,V_ind].set_xlabel('\\n'+r\"Network Size $\\longrightarrow$\", fontsize = 50)\r\n",
    "                            if Vy in ['Abundance','Ob Abundance']:\r\n",
    "                                ax[D_ind,V_ind].set_ylabel('2-D Model \\n'+r\"<$X$> $\\longrightarrow$\", fontsize = 45)\r\n",
    "                            if Vy in ['Settling Time']:\r\n",
    "                                ax[D_ind,V_ind].set_ylabel('2-D Model \\n'+r\"<$ST$> $\\longrightarrow$\", fontsize = 45)\r\n",
    "                            if Vy in ['Persistence']:\r\n",
    "                                ax[D_ind,V_ind].set_ylim([0,1.05])\r\n",
    "                                ax[D_ind,V_ind].set_ylabel('2-D Model \\n'+r\"<$P$> $\\longrightarrow$\", fontsize = 45)\r\n",
    "                            ax[D_ind,V_ind].set_ylabel(r\"($R^2$ = \" + str(round(r2_all,3)) + ')', fontsize = 40)\r\n",
    "                            ax[D_ind,V_ind].yaxis.label.set_color('blue')\r\n",
    "                            ax[D_ind,V_ind].set_xticks([0,50,100,150,200])\r\n",
    "                            \r\n",
    "                        elif V == \"A\":\r\n",
    "                            ax[D_ind,V_ind].set_xlabel('\\n'+r\"Asymmetry $\\longrightarrow$\", fontsize = 50)\r\n",
    "                            ax[D_ind,V_ind].set_yticks([])\r\n",
    "                            ax[D_ind,V_ind].set_xlim([0,20])\r\n",
    "                        elif V == \"C\":\r\n",
    "                            ax[D_ind,V_ind].set_xlabel('\\n'+r\"Connectance $\\longrightarrow$\", fontsize = 50)\r\n",
    "                            ax[D_ind,V_ind].set_yticks([])\r\n",
    "                            ax[D_ind,V_ind].set_xlim([0,0.5])\r\n",
    "                        elif V == \"N\":\r\n",
    "                            ax[D_ind,V_ind].set_xlabel('\\n'+r\"Nestedness $\\longrightarrow$\", fontsize = 50)\r\n",
    "                            ax[D_ind,V_ind].set_yticks([])\r\n",
    "                            ax[D_ind,V_ind].set_xlim([0,0.6])\r\n",
    "                        f.text(-0.075, 0.25, r\"2-D Model\", va='center', ha='center',rotation = 'vertical', fontsize=66, style='italic')\r\n",
    "                    ax[D_ind,V_ind].text(0.55,0.05, r'$coef = $' + str(round(regr_all.coef_[V_ind],3)) + '\\n' + r'$corr = $' + str(round(D_corr[D_ind].loc[V,Vy],3)), \r\n",
    "                                         transform=ax[D_ind,V_ind].transAxes, \r\n",
    "                                         fontsize = 30, \r\n",
    "                                         color = 'blue',\r\n",
    "                                         va='bottom', ha='left', \r\n",
    "                                         bbox = dict(boxstyle='round', facecolor='wheat', alpha=1.0)\r\n",
    "                                         )\r\n",
    "        \r\n",
    "        # del D_lst, V_lst, Vy, f, ax, D_ind, V_ind, X_seq, Y_seq, regr, V, D\r\n",
    "    \r\n",
    "    return D1, D2, P_val, Book"
   ],
   "outputs": [],
   "metadata": {}
  },
  {
   "cell_type": "code",
   "execution_count": null,
   "source": [
    "# Scatter Plot & Overall Correlation + P value\r\n",
    "D1,D2,P, Book = get_ScatterPlot(SHOW_PLOT = True, set_dpi = 100)\r\n",
    "D1 = D1.corr()\r\n",
    "D2 = D2.corr()"
   ],
   "outputs": [],
   "metadata": {}
  },
  {
   "cell_type": "code",
   "execution_count": 6,
   "source": [
    "D1"
   ],
   "outputs": [
    {
     "output_type": "execute_result",
     "data": {
      "text/html": [
       "<div>\n",
       "<style scoped>\n",
       "    .dataframe tbody tr th:only-of-type {\n",
       "        vertical-align: middle;\n",
       "    }\n",
       "\n",
       "    .dataframe tbody tr th {\n",
       "        vertical-align: top;\n",
       "    }\n",
       "\n",
       "    .dataframe thead th {\n",
       "        text-align: right;\n",
       "    }\n",
       "</style>\n",
       "<table border=\"1\" class=\"dataframe\">\n",
       "  <thead>\n",
       "    <tr style=\"text-align: right;\">\n",
       "      <th></th>\n",
       "      <th>n</th>\n",
       "      <th>m</th>\n",
       "      <th>L</th>\n",
       "      <th>S</th>\n",
       "      <th>A</th>\n",
       "      <th>C</th>\n",
       "      <th>N</th>\n",
       "      <th>Abundance</th>\n",
       "      <th>Ob Abundance</th>\n",
       "      <th>Settling Time</th>\n",
       "      <th>Persistence</th>\n",
       "    </tr>\n",
       "  </thead>\n",
       "  <tbody>\n",
       "    <tr>\n",
       "      <th>n</th>\n",
       "      <td>1.000000</td>\n",
       "      <td>-0.384974</td>\n",
       "      <td>0.413146</td>\n",
       "      <td>0.388523</td>\n",
       "      <td>-0.694352</td>\n",
       "      <td>-0.188213</td>\n",
       "      <td>-0.315561</td>\n",
       "      <td>-0.198334</td>\n",
       "      <td>-0.197061</td>\n",
       "      <td>0.243649</td>\n",
       "      <td>0.573689</td>\n",
       "    </tr>\n",
       "    <tr>\n",
       "      <th>m</th>\n",
       "      <td>-0.384974</td>\n",
       "      <td>1.000000</td>\n",
       "      <td>0.210912</td>\n",
       "      <td>0.700850</td>\n",
       "      <td>0.666530</td>\n",
       "      <td>-0.386878</td>\n",
       "      <td>0.167323</td>\n",
       "      <td>0.303301</td>\n",
       "      <td>0.302522</td>\n",
       "      <td>-0.397929</td>\n",
       "      <td>0.079013</td>\n",
       "    </tr>\n",
       "    <tr>\n",
       "      <th>L</th>\n",
       "      <td>0.413146</td>\n",
       "      <td>0.210912</td>\n",
       "      <td>1.000000</td>\n",
       "      <td>0.529882</td>\n",
       "      <td>-0.185619</td>\n",
       "      <td>0.204718</td>\n",
       "      <td>-0.126240</td>\n",
       "      <td>0.682771</td>\n",
       "      <td>0.683005</td>\n",
       "      <td>-0.413270</td>\n",
       "      <td>0.513445</td>\n",
       "    </tr>\n",
       "    <tr>\n",
       "      <th>S</th>\n",
       "      <td>0.388523</td>\n",
       "      <td>0.700850</td>\n",
       "      <td>0.529882</td>\n",
       "      <td>1.000000</td>\n",
       "      <td>0.128807</td>\n",
       "      <td>-0.531719</td>\n",
       "      <td>-0.076836</td>\n",
       "      <td>0.149524</td>\n",
       "      <td>0.149730</td>\n",
       "      <td>-0.208977</td>\n",
       "      <td>0.522276</td>\n",
       "    </tr>\n",
       "    <tr>\n",
       "      <th>A</th>\n",
       "      <td>-0.694352</td>\n",
       "      <td>0.666530</td>\n",
       "      <td>-0.185619</td>\n",
       "      <td>0.128807</td>\n",
       "      <td>1.000000</td>\n",
       "      <td>0.110045</td>\n",
       "      <td>0.409793</td>\n",
       "      <td>0.250326</td>\n",
       "      <td>0.249106</td>\n",
       "      <td>-0.306747</td>\n",
       "      <td>-0.366074</td>\n",
       "    </tr>\n",
       "    <tr>\n",
       "      <th>C</th>\n",
       "      <td>-0.188213</td>\n",
       "      <td>-0.386878</td>\n",
       "      <td>0.204718</td>\n",
       "      <td>-0.531719</td>\n",
       "      <td>0.110045</td>\n",
       "      <td>1.000000</td>\n",
       "      <td>0.265370</td>\n",
       "      <td>0.548397</td>\n",
       "      <td>0.548189</td>\n",
       "      <td>-0.221305</td>\n",
       "      <td>-0.356222</td>\n",
       "    </tr>\n",
       "    <tr>\n",
       "      <th>N</th>\n",
       "      <td>-0.315561</td>\n",
       "      <td>0.167323</td>\n",
       "      <td>-0.126240</td>\n",
       "      <td>-0.076836</td>\n",
       "      <td>0.409793</td>\n",
       "      <td>0.265370</td>\n",
       "      <td>1.000000</td>\n",
       "      <td>0.193956</td>\n",
       "      <td>0.193179</td>\n",
       "      <td>-0.341228</td>\n",
       "      <td>-0.247650</td>\n",
       "    </tr>\n",
       "    <tr>\n",
       "      <th>Abundance</th>\n",
       "      <td>-0.198334</td>\n",
       "      <td>0.303301</td>\n",
       "      <td>0.682771</td>\n",
       "      <td>0.149524</td>\n",
       "      <td>0.250326</td>\n",
       "      <td>0.548397</td>\n",
       "      <td>0.193956</td>\n",
       "      <td>1.000000</td>\n",
       "      <td>0.999995</td>\n",
       "      <td>-0.564545</td>\n",
       "      <td>0.000500</td>\n",
       "    </tr>\n",
       "    <tr>\n",
       "      <th>Ob Abundance</th>\n",
       "      <td>-0.197061</td>\n",
       "      <td>0.302522</td>\n",
       "      <td>0.683005</td>\n",
       "      <td>0.149730</td>\n",
       "      <td>0.249106</td>\n",
       "      <td>0.548189</td>\n",
       "      <td>0.193179</td>\n",
       "      <td>0.999995</td>\n",
       "      <td>1.000000</td>\n",
       "      <td>-0.563858</td>\n",
       "      <td>0.001272</td>\n",
       "    </tr>\n",
       "    <tr>\n",
       "      <th>Settling Time</th>\n",
       "      <td>0.243649</td>\n",
       "      <td>-0.397929</td>\n",
       "      <td>-0.413270</td>\n",
       "      <td>-0.208977</td>\n",
       "      <td>-0.306747</td>\n",
       "      <td>-0.221305</td>\n",
       "      <td>-0.341228</td>\n",
       "      <td>-0.564545</td>\n",
       "      <td>-0.563858</td>\n",
       "      <td>1.000000</td>\n",
       "      <td>-0.009238</td>\n",
       "    </tr>\n",
       "    <tr>\n",
       "      <th>Persistence</th>\n",
       "      <td>0.573689</td>\n",
       "      <td>0.079013</td>\n",
       "      <td>0.513445</td>\n",
       "      <td>0.522276</td>\n",
       "      <td>-0.366074</td>\n",
       "      <td>-0.356222</td>\n",
       "      <td>-0.247650</td>\n",
       "      <td>0.000500</td>\n",
       "      <td>0.001272</td>\n",
       "      <td>-0.009238</td>\n",
       "      <td>1.000000</td>\n",
       "    </tr>\n",
       "  </tbody>\n",
       "</table>\n",
       "</div>"
      ],
      "text/plain": [
       "                      n         m         L         S         A         C  \\\n",
       "n              1.000000 -0.384974  0.413146  0.388523 -0.694352 -0.188213   \n",
       "m             -0.384974  1.000000  0.210912  0.700850  0.666530 -0.386878   \n",
       "L              0.413146  0.210912  1.000000  0.529882 -0.185619  0.204718   \n",
       "S              0.388523  0.700850  0.529882  1.000000  0.128807 -0.531719   \n",
       "A             -0.694352  0.666530 -0.185619  0.128807  1.000000  0.110045   \n",
       "C             -0.188213 -0.386878  0.204718 -0.531719  0.110045  1.000000   \n",
       "N             -0.315561  0.167323 -0.126240 -0.076836  0.409793  0.265370   \n",
       "Abundance     -0.198334  0.303301  0.682771  0.149524  0.250326  0.548397   \n",
       "Ob Abundance  -0.197061  0.302522  0.683005  0.149730  0.249106  0.548189   \n",
       "Settling Time  0.243649 -0.397929 -0.413270 -0.208977 -0.306747 -0.221305   \n",
       "Persistence    0.573689  0.079013  0.513445  0.522276 -0.366074 -0.356222   \n",
       "\n",
       "                      N  Abundance  Ob Abundance  Settling Time  Persistence  \n",
       "n             -0.315561  -0.198334     -0.197061       0.243649     0.573689  \n",
       "m              0.167323   0.303301      0.302522      -0.397929     0.079013  \n",
       "L             -0.126240   0.682771      0.683005      -0.413270     0.513445  \n",
       "S             -0.076836   0.149524      0.149730      -0.208977     0.522276  \n",
       "A              0.409793   0.250326      0.249106      -0.306747    -0.366074  \n",
       "C              0.265370   0.548397      0.548189      -0.221305    -0.356222  \n",
       "N              1.000000   0.193956      0.193179      -0.341228    -0.247650  \n",
       "Abundance      0.193956   1.000000      0.999995      -0.564545     0.000500  \n",
       "Ob Abundance   0.193179   0.999995      1.000000      -0.563858     0.001272  \n",
       "Settling Time -0.341228  -0.564545     -0.563858       1.000000    -0.009238  \n",
       "Persistence   -0.247650   0.000500      0.001272      -0.009238     1.000000  "
      ]
     },
     "metadata": {},
     "execution_count": 6
    }
   ],
   "metadata": {}
  },
  {
   "cell_type": "code",
   "execution_count": 7,
   "source": [
    "D2"
   ],
   "outputs": [
    {
     "output_type": "execute_result",
     "data": {
      "text/html": [
       "<div>\n",
       "<style scoped>\n",
       "    .dataframe tbody tr th:only-of-type {\n",
       "        vertical-align: middle;\n",
       "    }\n",
       "\n",
       "    .dataframe tbody tr th {\n",
       "        vertical-align: top;\n",
       "    }\n",
       "\n",
       "    .dataframe thead th {\n",
       "        text-align: right;\n",
       "    }\n",
       "</style>\n",
       "<table border=\"1\" class=\"dataframe\">\n",
       "  <thead>\n",
       "    <tr style=\"text-align: right;\">\n",
       "      <th></th>\n",
       "      <th>n</th>\n",
       "      <th>m</th>\n",
       "      <th>L</th>\n",
       "      <th>S</th>\n",
       "      <th>A</th>\n",
       "      <th>C</th>\n",
       "      <th>N</th>\n",
       "      <th>Abundance</th>\n",
       "      <th>Ob Abundance</th>\n",
       "      <th>Settling Time</th>\n",
       "      <th>Persistence</th>\n",
       "    </tr>\n",
       "  </thead>\n",
       "  <tbody>\n",
       "    <tr>\n",
       "      <th>n</th>\n",
       "      <td>1.000000</td>\n",
       "      <td>-0.288083</td>\n",
       "      <td>0.439336</td>\n",
       "      <td>0.432373</td>\n",
       "      <td>-0.663630</td>\n",
       "      <td>-0.211240</td>\n",
       "      <td>-0.236768</td>\n",
       "      <td>0.113915</td>\n",
       "      <td>0.113917</td>\n",
       "      <td>0.007753</td>\n",
       "      <td>0.280035</td>\n",
       "    </tr>\n",
       "    <tr>\n",
       "      <th>m</th>\n",
       "      <td>-0.288083</td>\n",
       "      <td>1.000000</td>\n",
       "      <td>0.333908</td>\n",
       "      <td>0.738908</td>\n",
       "      <td>0.645063</td>\n",
       "      <td>-0.337114</td>\n",
       "      <td>0.184119</td>\n",
       "      <td>-0.607017</td>\n",
       "      <td>-0.607015</td>\n",
       "      <td>0.097463</td>\n",
       "      <td>0.433238</td>\n",
       "    </tr>\n",
       "    <tr>\n",
       "      <th>L</th>\n",
       "      <td>0.439336</td>\n",
       "      <td>0.333908</td>\n",
       "      <td>1.000000</td>\n",
       "      <td>0.623546</td>\n",
       "      <td>-0.109051</td>\n",
       "      <td>0.188874</td>\n",
       "      <td>0.056751</td>\n",
       "      <td>0.183307</td>\n",
       "      <td>0.183309</td>\n",
       "      <td>-0.367794</td>\n",
       "      <td>0.413837</td>\n",
       "    </tr>\n",
       "    <tr>\n",
       "      <th>S</th>\n",
       "      <td>0.432373</td>\n",
       "      <td>0.738908</td>\n",
       "      <td>0.623546</td>\n",
       "      <td>1.000000</td>\n",
       "      <td>0.140446</td>\n",
       "      <td>-0.466067</td>\n",
       "      <td>0.006770</td>\n",
       "      <td>-0.491421</td>\n",
       "      <td>-0.491418</td>\n",
       "      <td>0.097228</td>\n",
       "      <td>0.604986</td>\n",
       "    </tr>\n",
       "    <tr>\n",
       "      <th>A</th>\n",
       "      <td>-0.663630</td>\n",
       "      <td>0.645063</td>\n",
       "      <td>-0.109051</td>\n",
       "      <td>0.140446</td>\n",
       "      <td>1.000000</td>\n",
       "      <td>0.160254</td>\n",
       "      <td>0.376085</td>\n",
       "      <td>-0.507883</td>\n",
       "      <td>-0.507883</td>\n",
       "      <td>-0.092965</td>\n",
       "      <td>0.089448</td>\n",
       "    </tr>\n",
       "    <tr>\n",
       "      <th>C</th>\n",
       "      <td>-0.211240</td>\n",
       "      <td>-0.337114</td>\n",
       "      <td>0.188874</td>\n",
       "      <td>-0.466067</td>\n",
       "      <td>0.160254</td>\n",
       "      <td>1.000000</td>\n",
       "      <td>0.356130</td>\n",
       "      <td>0.557897</td>\n",
       "      <td>0.557895</td>\n",
       "      <td>-0.628585</td>\n",
       "      <td>-0.404648</td>\n",
       "    </tr>\n",
       "    <tr>\n",
       "      <th>N</th>\n",
       "      <td>-0.236768</td>\n",
       "      <td>0.184119</td>\n",
       "      <td>0.056751</td>\n",
       "      <td>0.006770</td>\n",
       "      <td>0.376085</td>\n",
       "      <td>0.356130</td>\n",
       "      <td>1.000000</td>\n",
       "      <td>-0.032461</td>\n",
       "      <td>-0.032461</td>\n",
       "      <td>-0.332231</td>\n",
       "      <td>-0.029909</td>\n",
       "    </tr>\n",
       "    <tr>\n",
       "      <th>Abundance</th>\n",
       "      <td>0.113915</td>\n",
       "      <td>-0.607017</td>\n",
       "      <td>0.183307</td>\n",
       "      <td>-0.491421</td>\n",
       "      <td>-0.507883</td>\n",
       "      <td>0.557897</td>\n",
       "      <td>-0.032461</td>\n",
       "      <td>1.000000</td>\n",
       "      <td>1.000000</td>\n",
       "      <td>-0.291752</td>\n",
       "      <td>-0.394568</td>\n",
       "    </tr>\n",
       "    <tr>\n",
       "      <th>Ob Abundance</th>\n",
       "      <td>0.113917</td>\n",
       "      <td>-0.607015</td>\n",
       "      <td>0.183309</td>\n",
       "      <td>-0.491418</td>\n",
       "      <td>-0.507883</td>\n",
       "      <td>0.557895</td>\n",
       "      <td>-0.032461</td>\n",
       "      <td>1.000000</td>\n",
       "      <td>1.000000</td>\n",
       "      <td>-0.291751</td>\n",
       "      <td>-0.394563</td>\n",
       "    </tr>\n",
       "    <tr>\n",
       "      <th>Settling Time</th>\n",
       "      <td>0.007753</td>\n",
       "      <td>0.097463</td>\n",
       "      <td>-0.367794</td>\n",
       "      <td>0.097228</td>\n",
       "      <td>-0.092965</td>\n",
       "      <td>-0.628585</td>\n",
       "      <td>-0.332231</td>\n",
       "      <td>-0.291752</td>\n",
       "      <td>-0.291751</td>\n",
       "      <td>1.000000</td>\n",
       "      <td>0.204438</td>\n",
       "    </tr>\n",
       "    <tr>\n",
       "      <th>Persistence</th>\n",
       "      <td>0.280035</td>\n",
       "      <td>0.433238</td>\n",
       "      <td>0.413837</td>\n",
       "      <td>0.604986</td>\n",
       "      <td>0.089448</td>\n",
       "      <td>-0.404648</td>\n",
       "      <td>-0.029909</td>\n",
       "      <td>-0.394568</td>\n",
       "      <td>-0.394563</td>\n",
       "      <td>0.204438</td>\n",
       "      <td>1.000000</td>\n",
       "    </tr>\n",
       "  </tbody>\n",
       "</table>\n",
       "</div>"
      ],
      "text/plain": [
       "                      n         m         L         S         A         C  \\\n",
       "n              1.000000 -0.288083  0.439336  0.432373 -0.663630 -0.211240   \n",
       "m             -0.288083  1.000000  0.333908  0.738908  0.645063 -0.337114   \n",
       "L              0.439336  0.333908  1.000000  0.623546 -0.109051  0.188874   \n",
       "S              0.432373  0.738908  0.623546  1.000000  0.140446 -0.466067   \n",
       "A             -0.663630  0.645063 -0.109051  0.140446  1.000000  0.160254   \n",
       "C             -0.211240 -0.337114  0.188874 -0.466067  0.160254  1.000000   \n",
       "N             -0.236768  0.184119  0.056751  0.006770  0.376085  0.356130   \n",
       "Abundance      0.113915 -0.607017  0.183307 -0.491421 -0.507883  0.557897   \n",
       "Ob Abundance   0.113917 -0.607015  0.183309 -0.491418 -0.507883  0.557895   \n",
       "Settling Time  0.007753  0.097463 -0.367794  0.097228 -0.092965 -0.628585   \n",
       "Persistence    0.280035  0.433238  0.413837  0.604986  0.089448 -0.404648   \n",
       "\n",
       "                      N  Abundance  Ob Abundance  Settling Time  Persistence  \n",
       "n             -0.236768   0.113915      0.113917       0.007753     0.280035  \n",
       "m              0.184119  -0.607017     -0.607015       0.097463     0.433238  \n",
       "L              0.056751   0.183307      0.183309      -0.367794     0.413837  \n",
       "S              0.006770  -0.491421     -0.491418       0.097228     0.604986  \n",
       "A              0.376085  -0.507883     -0.507883      -0.092965     0.089448  \n",
       "C              0.356130   0.557897      0.557895      -0.628585    -0.404648  \n",
       "N              1.000000  -0.032461     -0.032461      -0.332231    -0.029909  \n",
       "Abundance     -0.032461   1.000000      1.000000      -0.291752    -0.394568  \n",
       "Ob Abundance  -0.032461   1.000000      1.000000      -0.291751    -0.394563  \n",
       "Settling Time -0.332231  -0.291752     -0.291751       1.000000     0.204438  \n",
       "Persistence   -0.029909  -0.394568     -0.394563       0.204438     1.000000  "
      ]
     },
     "metadata": {},
     "execution_count": 7
    }
   ],
   "metadata": {}
  }
 ],
 "metadata": {
  "orig_nbformat": 4,
  "language_info": {
   "name": "python",
   "version": "3.6.13",
   "mimetype": "text/x-python",
   "codemirror_mode": {
    "name": "ipython",
    "version": 3
   },
   "pygments_lexer": "ipython3",
   "nbconvert_exporter": "python",
   "file_extension": ".py"
  },
  "kernelspec": {
   "name": "python3",
   "display_name": "Python 3.6.13 64-bit ('master': conda)"
  },
  "interpreter": {
   "hash": "0c640dc386691b1b42b3424c708d4d1eda291d0197a35eddf54ba99eb6d636bd"
  }
 },
 "nbformat": 4,
 "nbformat_minor": 2
}